+7(812)724-64-18
+79253699549
89253699549
89253699549
+79253699549
89253699549
89253699549
89253699549
+79253699549
89253699549
89253699549
+7(968)666-46-83
+7(968)729-28-02
+7(968)982-75-53
+7(968)869-09-71
+7(968)471-05-48
+7(968)685-59-71
+79253699549
+79253699549
+7(968)822-37-07
+7(905)243-36-48
+7(905)865-55-14
+7(905)129-59-44
89253699549
89253699549
89253699549
89253699549
89253699549
89253699549
89253699549
89253699549
+79253699549
+79253699549
89253699549
89253699549
+79253699549
89253699549
89253699549
+79253699549
+79253699549
89253699549
89253699549
+79253699549
89253699549
89253699549
89253699549
+7(812)948-74-42
+79253699549
+7(921)892-31-99
+7(921)867-19-09
+7(921)300-85-87
+7(921)541-88-85
+7(921)770-97-03
+7(921)707-70-78
+7(921)782-37-08
+7(921)490-38-50
+7(921)305-01-86
8 812 411 55 55
8 812 411 55 55
+79215790820
+79211140739
+79216122732
+79217912457
+79213691803
+79211809107
+79212099329
+79211035605
+79217416456
89217800858
89211933662
89218622781
89215865327
89211810395
89219886402
89217465278
89215539700
89219193148
89213668791
8 812 411 55 55
89815773516
89814860189
89816271906
89813011144
89811217470
89816787577
89810530502
89811303850
89817171980
+79815214042
+79814693372
+79816685858
+79811200869
89253699549
89253699549
89253699549
89253699549
89253699549
89253699549
89253699549
89253699549
89253699549
+79315957694
+79316539835
+79253699549
89253699549
89253699549
89253699549
89312518231
89253699549
89318278698
89314571076
89312815228
89253699549
89253699549
+79253699549
89253699549
+79253699549
89253699549
+79253699549
89253699549
89253699549
89118914869
89114279804
89113151720
+79253699549
+79115308645
+79116630328
+79111788674
+79119460203
+79114361820
+79118342639
89253699549
89253699549
89253699549
89253699549
+79253699549
89253699549
89253699549
89253699549
79112154070
79111358573
79119745756
79110465502
79111812522
79115750592
89253699549
89253699549
89253699549
89253699549
(812)576-66-50